70
101.688 85.6875 42.6875 37.6875 75.6875 100.688 86.6875 76.6875 103.688 142.688 149.688 128.688 137.688 200.688 280.688 330.688 337.688 330.688 328.688 296.688 236.688 199.688 216.688 289.688 370.688 416.688 434.688 428.688 385.688 310.688 219.688 143.688 100.688 70.6875 36.6875 10.6875 16.6875 53.6875 90.6875 100.688 100.688 113.688 132.688 126.688 90.6875 48.6875 29.6875 33.6875 53.6875 85.6875 114.688 125.688 121.688 117.688 114.688 102.688 71.6875 35.6875 23.6875 40.6875 69.6875 87.6875 89.6875 82.6875 85.6875 103.688 117.688 109.688 77.6875 46.6875 
70
0 0 0 0 0 0 0 0 0 0 0 0 0 0 0 0 0 0 0 0 0 0 0 0 0 0 0 0 0 0 0 0 0 0 0 0 0 0 0 0 0 0 0 0 0 0 0 0 0 0 0 0 0 0 0 0 0 0 0 0 0 0 0 0 0 0 0 0 0 0 
70
393.938 302.938 217.938 166.938 152.938 156.938 152.938 159.938 185.938 199.938 186.938 148.938 117.938 108.938 101.938 81.9375 64.9375 63.9375 64.9375 55.9375 37.9375 29.9375 29.9375 25.9375 11.9375 4.9375 9.9375 17.9375 20.9375 23.9375 42.9375 65.9375 61.9375 36.9375 9.9375 3.9375 20.9375 50.9375 70.9375 72.9375 66.9375 57.9375 51.9375 44.9375 50.9375 70.9375 87.9375 86.9375 66.9375 47.9375 40.9375 43.9375 44.9375 50.9375 60.9375 63.9375 50.9375 34.9375 34.9375 43.9375 34.9375 -3.0625 -30.0625 -18.0625 11.9375 22.9375 17.9375 26.9375 37.9375 20.9375 
70
28.0625 32.0625 26.0625 16.0625 18.0625 25.0625 25.0625 23.0625 23.0625 31.0625 47.0625 63.0625 78.0625 82.0625 62.0625 33.0625 19.0625 17.0625 17.0625 7.0625 5.0625 23.0625 41.0625 27.0625 -8.9375 -18.9375 20.0625 68.0625 75.0625 51.0625 31.0625 21.0625 4.0625 -31.9375 -55.9375 -39.9375 -4.9375 14.0625 24.0625 53.0625 110.062 176.062 235.062 300.062 387.062 468.062 515.062 528.062 534.062 540.062 530.062 482.062 420.062 367.062 312.062 250.062 186.062 136.062 115.062 111.062 99.0625 84.0625 81.0625 96.0625 118.062 126.062 110.062 85.0625 58.0625 39.0625 
70
29.1875 25.1875 26.1875 26.1875 35.1875 54.1875 70.1875 78.1875 71.1875 61.1875 60.1875 60.1875 48.1875 31.1875 15.1875 9.1875 11.1875 16.1875 20.1875 25.1875 34.1875 46.1875 54.1875 49.1875 41.1875 39.1875 43.1875 43.1875 29.1875 18.1875 17.1875 25.1875 34.1875 40.1875 47.1875 58.1875 69.1875 73.1875 71.1875 65.1875 55.1875 39.1875 16.1875 0.1875 8.1875 26.1875 39.1875 39.1875 33.1875 34.1875 43.1875 50.1875 57.1875 69.1875 77.1875 75.1875 61.1875 53.1875 72.1875 125.188 202.188 295.188 403.188 528.188 660.188 776.188 866.188 910.188 892.188 816.188 
70
-19.4375 -30.4375 -21.4375 -11.4375 -18.4375 -30.4375 -25.4375 -8.4375 4.5625 -0.4375 -9.4375 -7.4375 -3.4375 -6.4375 -7.4375 -1.4375 12.5625 15.5625 3.5625 -6.4375 -0.4375 15.5625 25.5625 24.5625 19.5625 18.5625 15.5625 4.5625 -10.4375 -15.4375 -2.4375 12.5625 11.5625 -0.4375 -12.4375 -14.4375 -16.4375 -20.4375 -22.4375 -11.4375 1.5625 1.5625 -8.4375 -11.4375 -0.4375 9.5625 9.5625 12.5625 17.5625 18.5625 8.5625 0.5625 1.5625 4.5625 -2.4375 -12.4375 -7.4375 9.5625 17.5625 11.5625 5.5625 9.5625 13.5625 6.5625 -2.4375 -4.4375 -0.4375 -1.4375 -6.4375 -10.4375 
70
234.438 334.438 409.438 427.438 393.438 340.438 292.438 254.438 225.438 200.438 179.438 163.438 142.438 124.438 114.438 106.438 91.4375 72.4375 57.4375 51.4375 51.4375 57.4375 65.4375 70.4375 70.4375 64.4375 58.4375 68.4375 87.4375 97.4375 93.4375 88.4375 87.4375 86.4375 82.4375 75.4375 69.4375 64.4375 65.4375 72.4375 76.4375 72.4375 64.4375 59.4375 58.4375 65.4375 73.4375 80.4375 93.4375 109.438 122.438 135.438 151.438 162.438 164.438 151.438 133.438 115.438 96.4375 80.4375 69.4375 63.4375 52.4375 38.4375 37.4375 47.4375 46.4375 31.4375 24.4375 40.4375 
