70
0.5625 7.5625 21.5625 35.5625 34.5625 31.5625 38.5625 29.5625 17.5625 20.5625 15.5625 5.5625 -1.4375 -5.4375 10.5625 17.5625 24.5625 39.5625 51.5625 46.5625 29.5625 17.5625 29.5625 58.5625 90.5625 136.562 234.562 346.562 427.562 462.562 450.562 419.562 361.562 271.562 205.562 184.562 175.562 148.562 106.562 77.5625 80.5625 74.5625 53.5625 44.5625 50.5625 50.5625 38.5625 26.5625 25.5625 19.5625 4.5625 10.5625 33.5625 50.5625 54.5625 40.5625 35.5625 44.5625 33.5625 15.5625 15.5625 31.5625 60.5625 81.5625 71.5625 61.5625 64.5625 60.5625 54.5625 52.5625 
70
386.25 408.25 401.25 367.25 314.25 254.25 203.25 166.25 135.25 105.25 78.25 58.25 45.25 29.25 16.25 12.25 19.25 26.25 23.25 16.25 13.25 15.25 11.25 3.25 -0.75 2.25 2.25 2.25 2.25 4.25 5.25 7.25 7.25 5.25 2.25 1.25 6.25 7.25 9.25 15.25 21.25 21.25 12.25 3.25 2.25 12.25 21.25 22.25 13.25 8.25 10.25 12.25 18.25 21.25 23.25 27.25 24.25 19.25 18.25 17.25 15.25 15.25 10.25 -0.75 -2.75 4.25 17.25 17.25 0.25 -6.75 
70
-16.1875 -22.1875 -19.1875 -12.1875 -11.1875 -9.1875 -6.1875 -2.1875 0.8125 -2.1875 -7.1875 -6.1875 4.8125 16.8125 21.8125 17.8125 3.8125 -8.1875 -14.1875 -16.1875 -18.1875 -22.1875 -24.1875 -19.1875 -15.1875 -17.1875 -27.1875 -29.1875 -17.1875 -4.1875 3.8125 6.8125 8.8125 14.8125 14.8125 2.8125 -8.1875 -8.1875 -6.1875 -1.1875 2.8125 0.8125 -0.1875 0.8125 0.8125 0.8125 -2.1875 -1.1875 2.8125 2.8125 5.8125 7.8125 1.8125 -6.1875 -12.1875 -11.1875 -2.1875 1.8125 -8.1875 -18.1875 -19.1875 -13.1875 -10.1875 -15.1875 -17.1875 -2.1875 8.8125 9.8125 2.8125 -7.1875 
70
-8.125 -24.125 -46.125 -54.125 -51.125 -45.125 -34.125 -21.125 1.875 12.875 18.875 18.875 17.875 27.875 29.875 27.875 30.875 19.875 5.875 -7.125 -19.125 -11.125 2.875 9.875 22.875 27.875 27.875 35.875 28.875 16.875 11.875 -1.125 -11.125 -13.125 -19.125 -14.125 1.875 10.875 17.875 12.875 -3.125 -7.125 -11.125 -14.125 -14.125 -17.125 -9.125 -0.125 7.875 14.875 12.875 4.875 -1.125 -6.125 -12.125 -9.125 -4.125 1.875 11.875 15.875 14.875 18.875 20.875 17.875 15.875 10.875 6.875 -0.125 -10.125 -15.125 
70
20.1875 24.1875 35.1875 46.1875 53.1875 57.1875 56.1875 41.1875 26.1875 21.1875 16.1875 12.1875 6.1875 -2.8125 -9.8125 -4.8125 8.1875 15.1875 8.1875 3.1875 10.1875 16.1875 13.1875 17.1875 29.1875 44.1875 55.1875 71.1875 114.188 188.188 284.188 399.188 521.188 630.188 693.188 698.188 651.188 559.188 454.188 363.188 284.188 223.188 182.188 150.188 121.188 101.188 88.1875 79.1875 74.1875 77.1875 78.1875 72.1875 60.1875 51.1875 50.1875 50.1875 45.1875 35.1875 23.1875 18.1875 19.1875 16.1875 13.1875 16.1875 23.1875 33.1875 44.1875 46.1875 39.1875 31.1875 
70
49.5625 49.5625 50.5625 47.5625 39.5625 28.5625 22.5625 26.5625 31.5625 33.5625 36.5625 36.5625 36.5625 31.5625 23.5625 22.5625 31.5625 46.5625 59.5625 64.5625 64.5625 63.5625 64.5625 69.5625 72.5625 79.5625 88.5625 96.5625 99.5625 97.5625 90.5625 83.5625 74.5625 64.5625 56.5625 47.5625 43.5625 48.5625 50.5625 44.5625 38.5625 35.5625 39.5625 45.5625 47.5625 47.5625 46.5625 42.5625 38.5625 35.5625 30.5625 29.5625 34.5625 39.5625 37.5625 22.5625 14.5625 19.5625 29.5625 39.5625 40.5625 37.5625 36.5625 30.5625 29.5625 27.5625 26.5625 26.5625 16.5625 11.5625 
